7
11
12
12
14
15
15
15
15
15
15
15
19
20
22
23
24
24
24
25
27
28
28
28
30
31
31
31
31
31
31
31
31
31
31
31
31
39
39
39
39
41
43
44
44
44
46
46
48
48
48
49
49
51
51
51
52
54
54
56
56
56
56
57
57
59
60
60
60
62
62
63
63
63
63
63
63
63
63
63
63
63
63
63
63
63
63
63
63
63
63
71
71
73
75
76
76
76
78
79
79
79
79
79
79
81
83
83
83
83
84
86
87
88
88
88
88
89
89
91
91
92
92
92
96
96
96
96
96
96
96
97
97
99
99
99
100
102
102
103
103
103
103
103
103
105
105
107
107
108
108
108
108
112
112
112
112
112
112
112
112
113
113
115
115
115
115
115
116
118
118
118
120
120
120
120
120
120
120
121
121
121
123
124
124
124
124
124
124
126
126
126
127
127
127
128
127
128
129
129
131
131
131
131
134
134
135
135
135
135
135
135
137
139
139
140
140
140
140
142
142
143
143
143
143
143
143
143
143
143
143
147
147
147
147
148
150
150
151
152
152
152
152
152
153
153
153
155
156
156
156
156
156
158
158
158
159
159
159
159
159
159
159
159
159
159
159
159
159
159
159
159
163
163
163
164
166
166
167
167
167
167
167
167
167
167
169
169
169
171
171
172
172
172
172
172
172
174
174
174
176
176
176
176
176
176
176
176
177
177
177
177
179
179
179
179
179
179
179
179
180
180
182
182
182
182
183
184
184
184
192
192
192
184
192
192
192
192
192
192
192
192
192
192
192
192
192
192
192
192
192
193
193
193
195
195
195
195
195
195
195
195
196
198
198
198
198
199
199
199
199
199
199
199
199
199
199
199
199
199
199
199
199
200
201
201
201
201
201
201
203
203
203
203
204
204
204
204
204
204
204
204
204
204
204
204
204
204
204
204
204
204
206
206
206
206
206
206
206
206
206
206
206
206
206
206
206
206
206
206
206
207
206
206
204
204
204
204
204
203
203
201
201
201
200
199
199
199
199
199
199
199
199
199
198
198
198
198
198
196
196
196
195
195
195
195
195
195
195
195
195
195
195
195
195
193
193
193
193
193
193
193
193
193
192